550 100000
80811 40146
92812 27633
57659 34806
21467 88528
39280 59266
51945 34845
47763 18688
84362 9189
39840 47300
32741 36715
83803 64449
27634 23233
27609 43180
46848 99670
71416 87069
49601 68578
27214 58764
96210 1224
93569 34029
89752 49200
9646 58048
396 73760
93087 84757
99300 32926
48408 48392
69640 32211
29192 13625
71795 56801
56805 18643
56470 44572
5711 22422
13149 49276
81185 25710
50500 91105
59738 56603
40304 85736
31002 40699
59495 24088
41807 75147
57013 6566
23538 26652
55128 52730
40277 26923
25882 13433
45565 82351
58004 67627
21124 71152
16902 18660
96861 67401
9764 72951
40355 66419
58686 71356
23469 34532
95443 65275
26030 52455
88192 49568
95459 43320
2297 52087
70242 28178
65519 32158
26880 23522
99784 64355
94673 16685
83014 7885
438 9129
80835 40792
75547 55872
28500 99015
6756 40294
80641 32785
9101 68832
98704 4559
28503 17352
72997 98744
45529 38515
30901 88760
78388 30684
53114 89412
63721 52479
97296 64158
61607 94483
21301 37153
50354 66152
52519 73461
6446 49511
6246 15546
34695 4949
20104 63197
22301 9452
78293 84181
47966 25545
89293 42705
72581 58758
32116 36301
11237 45763
16810 89195
40245 54462
42700 6951
20614 95218
80411 27059
61081 3008
42604 12127
24309 62707
75323 46609
88510 69967
47141 52827
95512 52785
95531 68092
11543 43998
20744 39131
89760 37553
28325 46357
92014 71024
69659 12627
82594 50069
39685 60026
69429 82288
72152 93737
61346 63826
40345 49855
33793 3837
19033 45656
56622 14563
13747 84516
58560 50842
23646 64672
88394 68322
27380 96759
55698 97038
25738 54643
47106 81774
14668 16534
64062 3171
26622 41759
83348 66966
7966 17140
87155 26998
79147 60128
57913 9245
44643 32824
60086 84640
97495 64831
52961 41226
61590 25010
38263 3679
79652 1721
85452 10671
34606 49513
13841 61228
7624 97189
44545 31941
30680 31699
75290 9827
91826 33202
35423 36468
66026 95509
21107 79872
60339 90420
37450 38280
15429 75712
41958 11433
77432 27410
22103 12038
93274 52296
89617 17249
65836 34161
49189 96515
65860 40831
22693 74037
74032 58116
26857 56409
69976 64315
52633 30314
54734 90082
68594 86515
82145 26903
97947 59577
54312 36401
87966 63938
88696 77582
81186 54531
28094 30375
67398 93953
71205 90090
84342 61588
64557 11198
34349 34532
75512 3333
81198 30246
93414 66143
33112 75558
93045 31058
51486 63709
67458 55803
27646 72506
49736 8831
27036 77830
55557 94433
88134 43113
875 72475
21053 81783
83672 55401
16315 59184
75085 13864
5781 68498
80006 55244
60407 73050
86301 28245
53110 70110
399 80755
42615 50135
5938 86003
27964 77846
96787 16097
20959 14013
88572 58363
95796 88595
30115 28462
64130 5199
42325 86262
90048 22330
41505 66806
11731 44157
95050 81193
30619 95449
61947 73233
45583 84236
75587 89898
62082 72374
22346 99392
86386 27269
57754 82181
15864 87868
26994 96345
93066 69318
82607 99465
7999 24111
66270 36082
84620 61320
17274 15238
73120 95572
4822 35054
79808 80409
24951 58241
52782 63648
57632 39167
90917 31737
37700 6780
19604 64693
3124 29021
50363 2082
28485 74713
42545 11106
10794 27164
72425 44419
42401 61896
39991 63574
96949 36150
43982 38251
10742 96763
18251 84725
52282 9167
16461 6333
15946 52416
87377 35421
97788 54091
37503 26272
28804 96399
37377 55949
23562 26154
16720 82314
4401 73062
45887 17702
9211 89869
72304 36304
2983 90554
21028 71616
99720 37488
94300 32017
89903 98029
67438 87690
52119 21292
30313 97274
17690 84041
53223 57603
26546 69942
56268 30947
59355 2154
48648 68565
8374 20951
21220 27709
11505 42247
15676 11224
96086 9976
59593 2340
24356 43382
6381 76474
64673 53045
90100 98714
37085 59674
72668 79983
29615 28935
10929 88969
47440 75928
73885 55814
13230 11456
99874 24734
53702 15549
52310 49787
41876 28254
68478 66231
71635 74858
59057 36307
27902 49156
51372 81338
8829 24039
61320 54795
69325 88600
60115 16764
64527 50351
72577 77757
61806 88802
18842 31859
20703 87503
97997 62578
15756 66474
45161 87390
57683 20569
40048 85584
69724 7771
83273 94904
31809 44593
66050 1133
49544 26164
17897 14071
92866 6825
8179 71023
11979 43372
2881 32681
47227 877
11610 79334
83702 56770
83076 41384
93690 23123
43319 79765
30894 26591
74668 79054
87535 57069
96539 37079
99584 30787
67501 92449
53963 92031
63471 65941
51754 82703
98621 98980
99931 10231
94666 83632
83352 77741
41367 93394
17215 84685
73158 48108
27628 64178
43514 15162
21246 56404
68592 20830
87190 36092
13278 41152
44474 93101
23445 96228
75803 38417
11559 75734
48647 6224
75717 48351
83964 17084
41744 1179
1768 14901
65638 45747
95430 25503
77261 16676
81906 45852
37505 85447
81944 67134
42951 42769
60234 66395
38996 36037
4811 50555
28122 69810
73130 3838
34512 73446
20921 76255
90976 39041
7507 56613
1139 2937
98468 78399
19612 80373
24251 73468
82172 22546
40601 25122
65314 835
91516 4310
53223 12678
71216 97696
82487 44345
1533 16998
34142 38806
9604 25117
77846 33463
81730 78984
36399 96549
73735 72362
93273 97985
62181 75444
20530 2781
565 85843
19967 92080
6504 89541
4758 94071
87236 3596
54768 88769
36946 88909
43926 46549
14026 38123
80011 12107
17106 32761
8655 90840
21474 1927
5176 83654
77371 25705
2787 77935
27900 22753
86367 50755
28646 7476
44826 15881
11071 99593
21001 48016
88501 64926
10917 18878
3048 90927
30984 36506
40040 55990
43697 61513
74269 48873
61519 67991
90929 64305
45925 18828
3409 48643
85935 32054
56118 30760
47935 83541
46704 85287
47908 51556
50213 75176
70434 53260
82455 17769
6117 22494
90111 49814
358 64379
15038 61876
32369 5966
26180 94645
41146 45941
43288 27080
77994 15757
74191 42280
15649 20894
27567 79909
72449 77779
55084 59234
47390 37538
93355 69859
76383 83465
36024 76741
47843 51061
38616 96563
73378 81148
91207 30875
27088 50846
74306 5081
82955 48496
63713 14955
85741 91279
94863 74542
85409 66299
33775 49150
3836 43481
19008 96571
26945 55031
73311 91139
22443 28278
87701 95821
9425 95260
26695 52864
46105 1001
74297 45411
65848 38009
60366 51589
29287 55228
26130 31047
21526 76256
80196 41714
19737 15556
54636 63033
70586 27946
54172 93029
72575 41872
5201 82000
53483 31895
51215 99588
49247 25511
61350 15095
63519 21715
66683 9157
76943 9164
40203 14820
1771 20399
72885 21507
35954 27520
84540 22891
71817 55063
32271 44392
96934 53823
42743 66769
85718 93957
82708 51316
19468 44057
66410 99338
65772 49444
8495 59066
58607 65049
90237 60378
85447 63122
98236 37752
6993 99127
76995 78810
54189 25617
23201 67475
79440 65943
34243 81509
76251 16950
32824 95718
61006 99234
11408 43129
48677 36254
2194 23636
1302 92431
365 3101
71904 14952
57204 78896
30431 34198
57705 84619
